../../../.git/annex/objects/8z/2w/MD5E-s35--ca452e8d37c12bc1c9f1ea5615b247f6.csv/MD5E-s35--ca452e8d37c12bc1c9f1ea5615b247f6.csv