../../../.git/annex/objects/jj/Q4/MD5E-s42--3d3e1ce0154250daf7b0e503ec4fbbeb.csv/MD5E-s42--3d3e1ce0154250daf7b0e503ec4fbbeb.csv